4689614
4689614
4689615
4689615
4689614
4689613
4689612
4689611
4689610
4689609
4689608
4689608
4689607
4689605
4689604
4689603
4689602
4689601
4689600
4689598
4689597
4689596
4689595
4689594
4689594
4689593
4689592
4689591
4689590
4689590
4689589
4689588
4689587
4689586
4689585
4689584
4689583
4689582
4689581
4689580
4689579
4689578
4689577
4689576
4689575
4689574
4689573
4689572
4689571
4689570
4689569
4689567
4689566
4689565
4689564
4689563
4689562
4689561
4689560
4689559
4689558
4689556
4689555
4689554
4689552
4689551
4689549
4689548
4689546
4689545
4689544
